0 9.31322574615e-10
1 2.79396772385e-08
2 4.05125319958e-07
3 3.78116965294e-06
4 2.55228951573e-05
5 0.000132719054818
6 0.000552996061742
7 0.0018959864974
8 0.00545096118003
9 0.0133245717734
10 0.0279816007242
11 0.0508756376803
12 0.0805530929938
13 0.111535051838
14 0.135435420088
15 0.144464448094
16 0.135435420088
17 0.111535051838
18 0.0805530929938
19 0.0508756376803
20 0.0279816007242
21 0.0133245717734
22 0.00545096118003
23 0.0018959864974
24 0.000552996061742
25 0.000132719054818
26 2.55228951573e-05
27 3.78116965294e-06
28 4.05125319958e-07
29 2.79396772385e-08
30 9.31322574615e-10
