0 0.00017858209017
1 0.0017858209017
2 0.00863146769155
3 0.0268534550404
4 0.0604202738409
5 0.104728474657
6 0.145456214802
7 0.166235674059
8 0.15930918764
9 0.129807486225
10 0.0908652403578
11 0.0550698426411
12 0.0290646391717
13 0.0134144488485
14 0.00542965786724
15 0.00193054501946
16 0.000603295318582
17 0.000165610479611
18 3.98691895359e-05
19 8.39351358651e-06
20 1.53881082419e-06
21 2.4425568638e-07
22 3.33075935973e-08
23 3.86174998229e-09
24 3.75447914945e-10
25 3.00358331956e-11
26 1.9253739228e-12
27 9.50801937183e-14
28 3.39572120422e-15
29 7.8062556419e-17
30 8.67361737988e-19
