0 8.67361737988e-19
1 7.8062556419e-17
2 3.39572120422e-15
3 9.50801937183e-14
4 1.9253739228e-12
5 3.00358331956e-11
6 3.75447914945e-10
7 3.86174998229e-09
8 3.33075935973e-08
9 2.4425568638e-07
10 1.53881082419e-06
11 8.39351358651e-06
12 3.98691895359e-05
13 0.000165610479611
14 0.000603295318582
15 0.00193054501946
16 0.00542965786724
17 0.0134144488485
18 0.0290646391717
19 0.0550698426411
20 0.0908652403578
21 0.129807486225
22 0.15930918764
23 0.166235674059
24 0.145456214802
25 0.104728474657
26 0.0604202738409
27 0.0268534550404
28 0.00863146769155
29 0.0017858209017
30 0.00017858209017
